BBox 0: [1160, 403, 1199, 403, 1199, 414, 1160, 414], Text: 0022, Confidence: 0.9953
BBox 1: [1038, 478, 1085, 478, 1085, 499, 1038, 499], Text: 00211, Confidence: 0.9461
BBox 2: [292, 492, 339, 492, 339, 510, 292, 510], Text: 00117, Confidence: 0.9738
BBox 3: [556, 492, 617, 492, 617, 514, 556, 514], Text: 10013, Confidence: 0.9629
BBox 4: [878, 506, 914, 506, 914, 521, 878, 521], Text: 0019, Confidence: 0.9931
BBox 5: [724, 531, 771, 531, 771, 549, 724, 549], Text: 0017, Confidence: 0.9709
BBox 6: [535, 606, 581, 606, 581, 628, 535, 628], Text: 0014, Confidence: 0.9992
BBox 7: [614, 621, 667, 621, 667, 642, 614, 642], Text: 10016, Confidence: 0.9611
BBox 8: [531, 681, 581, 681, 581, 703, 531, 703], Text: 10015, Confidence: 0.9671
BBox 9: [1767, 699, 1806, 699, 1806, 717, 1767, 717], Text: 0028, Confidence: 0.9914
BBox 10: [299, 878, 342, 878, 342, 899, 299, 899], Text: 0036, Confidence: 0.9938
BBox 11: [2038, 903, 2074, 903, 2074, 917, 2038, 917], Text: 0027, Confidence: 0.9915
BBox 12: [889, 935, 924, 935, 924, 946, 889, 946], Text: 0030, Confidence: 0.9924
BBox 13: [1735, 956, 1778, 956, 1778, 978, 1735, 978], Text: 0026, Confidence: 0.9671
BBox 14: [642, 1067, 685, 1067, 685, 1085, 642, 1085], Text: 00311, Confidence: 0.9802
BBox 15: [764, 1081, 824, 1081, 824, 1099, 764, 1099], Text: 100401, Confidence: 0.9428
